# Cycle, ((number_of_molecules(Ib,Tm), Tm=1,N_MolType), Ib=1,N_Box)
       100  400
       200  400
       300  400
       400  400
       500  400
       600  400
       700  400
       800  400
       900  400
      1000  400
      1100  400
      1200  400
      1300  400
      1400  400
      1500  400
      1600  400
      1700  400
      1800  400
      1900  400
      2000  400
      2100  400
      2200  400
      2300  400
      2400  400
      2500  400
      2600  400
      2700  400
      2800  400
      2900  400
      3000  400
      3100  400
      3200  400
      3300  400
      3400  400
      3500  400
      3600  400
      3700  400
      3800  400
      3900  400
      4000  400
      4100  400
      4200  400
      4300  400
      4400  400
      4500  400
      4600  400
      4700  400
      4800  400
      4900  400
      5000  400
      5100  400
      5200  400
      5300  400
      5400  400
      5500  400
      5600  400
      5700  400
      5800  400
      5900  400
      6000  400
      6100  400
      6200  400
      6300  400
      6400  400
      6500  400
      6600  400
      6700  400
      6800  400
      6900  400
      7000  400
      7100  400
      7200  400
      7300  400
      7400  400
      7500  400
      7600  400
      7700  400
      7800  400
      7900  400
      8000  400
      8100  400
      8200  400
      8300  400
      8400  400
      8500  400
      8600  400
      8700  400
      8800  400
      8900  400
      9000  400
      9100  400
      9200  400
      9300  400
      9400  400
      9500  400
      9600  400
      9700  400
      9800  400
      9900  400
     10000  400
     10100  400
     10200  400
     10300  400
     10400  400
     10500  400
     10600  400
     10700  400
     10800  400
     10900  400
     11000  400
     11100  400
     11200  400
     11300  400
     11400  400
     11500  400
     11600  400
     11700  400
     11800  400
     11900  400
     12000  400
     12100  400
     12200  400
     12300  400
     12400  400
     12500  400
     12600  400
     12700  400
     12800  400
     12900  400
     13000  400
     13100  400
     13200  400
     13300  400
     13400  400
     13500  400
     13600  400
     13700  400
     13800  400
     13900  400
     14000  400
     14100  400
     14200  400
     14300  400
     14400  400
     14500  400
     14600  400
     14700  400
     14800  400
     14900  400
     15000  400
     15100  400
     15200  400
     15300  400
     15400  400
     15500  400
     15600  400
     15700  400
     15800  400
     15900  400
     16000  400
     16100  400
     16200  400
     16300  400
     16400  400
     16500  400
     16600  400
     16700  400
     16800  400
     16900  400
     17000  400
     17100  400
     17200  400
     17300  400
     17400  400
     17500  400
     17600  400
     17700  400
     17800  400
     17900  400
     18000  400
     18100  400
     18200  400
     18300  400
     18400  400
     18500  400
     18600  400
     18700  400
     18800  400
     18900  400
     19000  400
     19100  400
     19200  400
     19300  400
     19400  400
     19500  400
     19600  400
     19700  400
     19800  400
     19900  400
     20000  400
     20100  400
     20200  400
     20300  400
     20400  400
     20500  400
     20600  400
     20700  400
     20800  400
     20900  400
     21000  400
     21100  400
     21200  400
     21300  400
     21400  400
     21500  400
     21600  400
     21700  400
     21800  400
     21900  400
     22000  400
     22100  400
     22200  400
     22300  400
     22400  400
     22500  400
     22600  400
     22700  400
     22800  400
     22900  400
     23000  400
     23100  400
     23200  400
     23300  400
     23400  400
     23500  400
     23600  400
     23700  400
     23800  400
     23900  400
     24000  400
     24100  400
     24200  400
     24300  400
     24400  400
     24500  400
     24600  400
     24700  400
     24800  400
     24900  400
     25000  400
     25100  400
     25200  400
     25300  400
     25400  400
     25500  400
     25600  400
     25700  400
     25800  400
     25900  400
     26000  400
     26100  400
     26200  400
     26300  400
     26400  400
     26500  400
     26600  400
     26700  400
     26800  400
     26900  400
     27000  400
     27100  400
     27200  400
     27300  400
     27400  400
     27500  400
     27600  400
     27700  400
     27800  400
     27900  400
     28000  400
     28100  400
     28200  400
     28300  400
     28400  400
     28500  400
     28600  400
     28700  400
     28800  400
     28900  400
     29000  400
     29100  400
     29200  400
     29300  400
     29400  400
     29500  400
     29600  400
     29700  400
     29800  400
     29900  400
     30000  400
     30100  400
     30200  400
     30300  400
     30400  400
     30500  400
     30600  400
     30700  400
     30800  400
     30900  400
     31000  400
     31100  400
     31200  400
     31300  400
     31400  400
     31500  400
     31600  400
     31700  400
     31800  400
     31900  400
     32000  400
     32100  400
     32200  400
     32300  400
     32400  400
     32500  400
     32600  400
     32700  400
     32800  400
     32900  400
     33000  400
     33100  400
     33200  400
     33300  400
     33400  400
     33500  400
     33600  400
     33700  400
     33800  400
     33900  400
     34000  400
     34100  400
     34200  400
     34300  400
     34400  400
     34500  400
     34600  400
     34700  400
     34800  400
     34900  400
     35000  400
     35100  400
     35200  400
     35300  400
     35400  400
     35500  400
     35600  400
     35700  400
     35800  400
     35900  400
     36000  400
     36100  400
     36200  400
     36300  400
     36400  400
     36500  400
     36600  400
     36700  400
     36800  400
     36900  400
     37000  400
     37100  400
     37200  400
     37300  400
     37400  400
     37500  400
     37600  400
     37700  400
     37800  400
     37900  400
     38000  400
     38100  400
     38200  400
     38300  400
     38400  400
     38500  400
     38600  400
     38700  400
     38800  400
     38900  400
     39000  400
     39100  400
     39200  400
     39300  400
     39400  400
     39500  400
     39600  400
     39700  400
     39800  400
     39900  400
     40000  400
     40100  400
     40200  400
     40300  400
     40400  400
     40500  400
     40600  400
     40700  400
     40800  400
     40900  400
     41000  400
     41100  400
     41200  400
     41300  400
     41400  400
     41500  400
     41600  400
     41700  400
     41800  400
     41900  400
     42000  400
     42100  400
     42200  400
     42300  400
     42400  400
     42500  400
     42600  400
     42700  400
     42800  400
     42900  400
     43000  400
     43100  400
     43200  400
     43300  400
     43400  400
     43500  400
     43600  400
     43700  400
     43800  400
     43900  400
     44000  400
     44100  400
     44200  400
     44300  400
     44400  400
     44500  400
     44600  400
     44700  400
     44800  400
     44900  400
     45000  400
     45100  400
     45200  400
     45300  400
     45400  400
     45500  400
     45600  400
     45700  400
     45800  400
     45900  400
     46000  400
     46100  400
     46200  400
     46300  400
     46400  400
     46500  400
     46600  400
     46700  400
     46800  400
     46900  400
     47000  400
     47100  400
     47200  400
     47300  400
     47400  400
     47500  400
     47600  400
     47700  400
     47800  400
     47900  400
     48000  400
     48100  400
     48200  400
     48300  400
     48400  400
     48500  400
     48600  400
     48700  400
     48800  400
     48900  400
     49000  400
     49100  400
     49200  400
     49300  400
     49400  400
     49500  400
     49600  400
     49700  400
     49800  400
     49900  400
     50000  400
     50100  400
     50200  400
     50300  400
     50400  400
     50500  400
     50600  400
     50700  400
     50800  400
     50900  400
     51000  400
     51100  400
     51200  400
     51300  400
     51400  400
     51500  400
     51600  400
     51700  400
     51800  400
     51900  400
     52000  400
     52100  400
     52200  400
     52300  400
     52400  400
     52500  400
     52600  400
     52700  400
     52800  400
     52900  400
     53000  400
     53100  400
     53200  400
     53300  400
     53400  400
     53500  400
     53600  400
     53700  400
     53800  400
     53900  400
     54000  400
     54100  400
     54200  400
     54300  400
     54400  400
     54500  400
     54600  400
     54700  400
     54800  400
     54900  400
     55000  400
     55100  400
     55200  400
     55300  400
     55400  400
     55500  400
     55600  400
     55700  400
     55800  400
     55900  400
     56000  400
     56100  400
     56200  400
     56300  400
     56400  400
     56500  400
     56600  400
     56700  400
     56800  400
     56900  400
     57000  400
     57100  400
     57200  400
     57300  400
     57400  400
     57500  400
     57600  400
     57700  400
     57800  400
     57900  400
     58000  400
     58100  400
     58200  400
     58300  400
     58400  400
     58500  400
     58600  400
     58700  400
     58800  400
     58900  400
     59000  400
     59100  400
     59200  400
     59300  400
     59400  400
     59500  400
     59600  400
     59700  400
     59800  400
     59900  400
     60000  400
     60100  400
     60200  400
     60300  400
     60400  400
     60500  400
     60600  400
     60700  400
     60800  400
     60900  400
     61000  400
     61100  400
     61200  400
     61300  400
     61400  400
     61500  400
     61600  400
     61700  400
     61800  400
     61900  400
     62000  400
     62100  400
     62200  400
     62300  400
     62400  400
     62500  400
     62600  400
     62700  400
     62800  400
     62900  400
     63000  400
     63100  400
     63200  400
     63300  400
     63400  400
     63500  400
     63600  400
     63700  400
     63800  400
     63900  400
     64000  400
     64100  400
     64200  400
     64300  400
     64400  400
     64500  400
     64600  400
     64700  400
     64800  400
     64900  400
     65000  400
     65100  400
     65200  400
     65300  400
     65400  400
     65500  400
     65600  400
     65700  400
     65800  400
     65900  400
     66000  400
     66100  400
     66200  400
     66300  400
     66400  400
     66500  400
     66600  400
     66700  400
     66800  400
     66900  400
     67000  400
     67100  400
     67200  400
     67300  400
     67400  400
     67500  400
     67600  400
     67700  400
     67800  400
     67900  400
     68000  400
     68100  400
     68200  400
     68300  400
     68400  400
     68500  400
     68600  400
     68700  400
     68800  400
     68900  400
     69000  400
     69100  400
     69200  400
     69300  400
     69400  400
     69500  400
     69600  400
     69700  400
     69800  400
     69900  400
     70000  400
     70100  400
     70200  400
     70300  400
     70400  400
     70500  400
     70600  400
     70700  400
     70800  400
     70900  400
     71000  400
     71100  400
     71200  400
     71300  400
     71400  400
     71500  400
     71600  400
     71700  400
     71800  400
     71900  400
     72000  400
     72100  400
     72200  400
     72300  400
     72400  400
     72500  400
     72600  400
     72700  400
     72800  400
     72900  400
     73000  400
     73100  400
     73200  400
     73300  400
     73400  400
     73500  400
     73600  400
     73700  400
     73800  400
     73900  400
     74000  400
     74100  400
     74200  400
     74300  400
     74400  400
     74500  400
     74600  400
     74700  400
     74800  400
     74900  400
     75000  400
     75100  400
     75200  400
     75300  400
     75400  400
     75500  400
     75600  400
     75700  400
     75800  400
     75900  400
     76000  400
     76100  400
     76200  400
     76300  400
     76400  400
     76500  400
     76600  400
     76700  400
     76800  400
