# Cycle, (volume(Ib), Ib=1,N_Box)
       100   0.2586873647E+005
       200   0.2611839085E+005
       300   0.2664928385E+005
       400   0.2653681455E+005
       500   0.2694433272E+005
       600   0.2699821598E+005
       700   0.2780442936E+005
       800   0.2809436512E+005
       900   0.2745195123E+005
      1000   0.2716711002E+005
      1100   0.2722728728E+005
      1200   0.2771954120E+005
      1300   0.2813137345E+005
      1400   0.2711186941E+005
      1500   0.2727556070E+005
      1600   0.2697106826E+005
      1700   0.2717324531E+005
      1800   0.2760431599E+005
      1900   0.2685906496E+005
      2000   0.2790758483E+005
      2100   0.2685023169E+005
      2200   0.2719146650E+005
      2300   0.2728009386E+005
      2400   0.2761742884E+005
      2500   0.2745085102E+005
      2600   0.2717914883E+005
      2700   0.2755638287E+005
      2800   0.2706077328E+005
      2900   0.2768314047E+005
      3000   0.2760868691E+005
      3100   0.2766442403E+005
      3200   0.2763017091E+005
      3300   0.2690375038E+005
      3400   0.2703724064E+005
      3500   0.2721938926E+005
      3600   0.2753836212E+005
      3700   0.2767652905E+005
      3800   0.2738328914E+005
      3900   0.2763238711E+005
      4000   0.2734675456E+005
      4100   0.2726965013E+005
      4200   0.2746527446E+005
      4300   0.2640114095E+005
      4400   0.2736835463E+005
      4500   0.2720819132E+005
      4600   0.2677487562E+005
      4700   0.2724190933E+005
      4800   0.2713975651E+005
      4900   0.2699771581E+005
      5000   0.2697332367E+005
      5100   0.2692349909E+005
      5200   0.2675202807E+005
      5300   0.2704336317E+005
      5400   0.2716573168E+005
      5500   0.2751471266E+005
      5600   0.2710156560E+005
      5700   0.2695849236E+005
      5800   0.2703226708E+005
      5900   0.2803245950E+005
      6000   0.2729725310E+005
      6100   0.2748402763E+005
      6200   0.2778164026E+005
      6300   0.2756439798E+005
      6400   0.2726805326E+005
      6500   0.2683309209E+005
      6600   0.2824928193E+005
      6700   0.2850833051E+005
      6800   0.2870797480E+005
      6900   0.2803284694E+005
      7000   0.2800941689E+005
      7100   0.2840246561E+005
      7200   0.2835023374E+005
      7300   0.2829088219E+005
      7400   0.2838727247E+005
      7500   0.2858404570E+005
      7600   0.2887137087E+005
      7700   0.2708635596E+005
      7800   0.2732856131E+005
      7900   0.2763526476E+005
      8000   0.2705366240E+005
      8100   0.2764973653E+005
      8200   0.2687363217E+005
      8300   0.2820849788E+005
      8400   0.2851388285E+005
      8500   0.2805457075E+005
      8600   0.2859507609E+005
      8700   0.2798857931E+005
      8800   0.2850490296E+005
      8900   0.2744675512E+005
      9000   0.2838356760E+005
      9100   0.2825691516E+005
      9200   0.2818019216E+005
      9300   0.2821269336E+005
      9400   0.2858953811E+005
      9500   0.2849277092E+005
      9600   0.2886643037E+005
      9700   0.2847517666E+005
      9800   0.2885422822E+005
      9900   0.2787407042E+005
     10000   0.2738222882E+005
     10100   0.2750726051E+005
     10200   0.2768947854E+005
     10300   0.2797617000E+005
     10400   0.2838973408E+005
     10500   0.2812975979E+005
     10600   0.2698397376E+005
     10700   0.2731423700E+005
     10800   0.2708151165E+005
     10900   0.2756064400E+005
     11000   0.2818101446E+005
     11100   0.2785203689E+005
     11200   0.2739019529E+005
     11300   0.2823843623E+005
     11400   0.2835309506E+005
     11500   0.2785627843E+005
     11600   0.2757345938E+005
     11700   0.2803552143E+005
     11800   0.2798066115E+005
     11900   0.2764837794E+005
     12000   0.2707474138E+005
     12100   0.2764770649E+005
     12200   0.2797820710E+005
     12300   0.2858055212E+005
     12400   0.2859036435E+005
     12500   0.2740792171E+005
     12600   0.2795729024E+005
     12700   0.2818258498E+005
     12800   0.2890710493E+005
     12900   0.2856245386E+005
     13000   0.2809408963E+005
     13100   0.2882291013E+005
     13200   0.2884042911E+005
     13300   0.2878133416E+005
     13400   0.2775340586E+005
     13500   0.2818108548E+005
     13600   0.2909534122E+005
     13700   0.2781187550E+005
     13800   0.2922015076E+005
     13900   0.2889478841E+005
     14000   0.2830114629E+005
     14100   0.2794376909E+005
     14200   0.2745136913E+005
     14300   0.2846575359E+005
     14400   0.2737555624E+005
     14500   0.2744809412E+005
     14600   0.2752112065E+005
     14700   0.2717361224E+005
     14800   0.2696557130E+005
     14900   0.2769687149E+005
     15000   0.2737506548E+005
     15100   0.2725306800E+005
     15200   0.2737236642E+005
     15300   0.2748965572E+005
     15400   0.2724641244E+005
     15500   0.2803150334E+005
     15600   0.2810766235E+005
     15700   0.2771596929E+005
     15800   0.2759875865E+005
     15900   0.2733110703E+005
     16000   0.2814994996E+005
     16100   0.2809448857E+005
     16200   0.2849835881E+005
     16300   0.2791854839E+005
     16400   0.2799182715E+005
     16500   0.2775312016E+005
     16600   0.2741575244E+005
     16700   0.2794053720E+005
     16800   0.2812429986E+005
     16900   0.2779124424E+005
     17000   0.2657757700E+005
     17100   0.2775204613E+005
     17200   0.2758471816E+005
     17300   0.2824732240E+005
     17400   0.2805222763E+005
     17500   0.2826751021E+005
     17600   0.2774868964E+005
     17700   0.2758784173E+005
     17800   0.2769390546E+005
     17900   0.2741917763E+005
     18000   0.2788905932E+005
     18100   0.2682008971E+005
     18200   0.2678667686E+005
     18300   0.2692941969E+005
     18400   0.2627747439E+005
     18500   0.2709034887E+005
     18600   0.2755914663E+005
     18700   0.2755869328E+005
     18800   0.2765867381E+005
     18900   0.2649929898E+005
     19000   0.2704406440E+005
     19100   0.2724210379E+005
     19200   0.2668345285E+005
     19300   0.2723160669E+005
     19400   0.2768769436E+005
     19500   0.2758749064E+005
     19600   0.2710867259E+005
     19700   0.2724450115E+005
     19800   0.2670612969E+005
     19900   0.2746494835E+005
     20000   0.2730674779E+005
     20100   0.2744319430E+005
     20200   0.2717541859E+005
     20300   0.2736037676E+005
     20400   0.2725491165E+005
     20500   0.2822227897E+005
     20600   0.2848635815E+005
     20700   0.2787570125E+005
     20800   0.2787726368E+005
     20900   0.2707283930E+005
     21000   0.2770039832E+005
     21100   0.2802103438E+005
     21200   0.2754010707E+005
     21300   0.2747643091E+005
     21400   0.2722609439E+005
     21500   0.2789848380E+005
     21600   0.2728948064E+005
     21700   0.2822931250E+005
     21800   0.2786635760E+005
     21900   0.2798543693E+005
     22000   0.2738239375E+005
     22100   0.2804500150E+005
     22200   0.2745081572E+005
     22300   0.2806117324E+005
     22400   0.2857815893E+005
     22500   0.2802685851E+005
     22600   0.2851861506E+005
     22700   0.2774338275E+005
     22800   0.2912449506E+005
     22900   0.2784147478E+005
     23000   0.2751591336E+005
     23100   0.2776284347E+005
     23200   0.2789518006E+005
     23300   0.2743368404E+005
     23400   0.2886891523E+005
     23500   0.2804647586E+005
     23600   0.2768681070E+005
     23700   0.2776778927E+005
     23800   0.2821505921E+005
     23900   0.2844738690E+005
     24000   0.2754741406E+005
     24100   0.2789964912E+005
     24200   0.2876871147E+005
     24300   0.2751075649E+005
     24400   0.2745000562E+005
     24500   0.2717584369E+005
     24600   0.2745607983E+005
     24700   0.2747799983E+005
     24800   0.2763598523E+005
     24900   0.2743489218E+005
     25000   0.2772845775E+005
     25100   0.2929714507E+005
     25200   0.2796373755E+005
     25300   0.2795382757E+005
     25400   0.2808068267E+005
     25500   0.2814462390E+005
     25600   0.2702509509E+005
     25700   0.2771279903E+005
     25800   0.2788867053E+005
     25900   0.2849109729E+005
     26000   0.2889653222E+005
     26100   0.2909922562E+005
     26200   0.2934606351E+005
     26300   0.2793183003E+005
     26400   0.2822112957E+005
     26500   0.2918395157E+005
     26600   0.2853705112E+005
     26700   0.2841715922E+005
     26800   0.2802164951E+005
     26900   0.2785281477E+005
     27000   0.2826947601E+005
     27100   0.2779198602E+005
     27200   0.2697085679E+005
     27300   0.2775702009E+005
     27400   0.2752022847E+005
     27500   0.2789960275E+005
     27600   0.2763636688E+005
     27700   0.2760089302E+005
     27800   0.2698753594E+005
     27900   0.2773865876E+005
     28000   0.2736357374E+005
     28100   0.2707181494E+005
     28200   0.2776248867E+005
     28300   0.2786576189E+005
     28400   0.2797688281E+005
     28500   0.2661256112E+005
     28600   0.2731490432E+005
     28700   0.2762075674E+005
     28800   0.2753373141E+005
     28900   0.2741150236E+005
     29000   0.2783498446E+005
     29100   0.2665528823E+005
     29200   0.2745279800E+005
     29300   0.2777800541E+005
     29400   0.2731126878E+005
     29500   0.2675712653E+005
     29600   0.2646660565E+005
     29700   0.2754682021E+005
     29800   0.2668127335E+005
     29900   0.2674058028E+005
     30000   0.2672000311E+005
     30100   0.2691054520E+005
     30200   0.2728416905E+005
     30300   0.2728857509E+005
     30400   0.2717267813E+005
     30500   0.2755546563E+005
     30600   0.2807245007E+005
     30700   0.2778335862E+005
     30800   0.2868270611E+005
     30900   0.2872158839E+005
     31000   0.2837354750E+005
     31100   0.2726290519E+005
     31200   0.2781791950E+005
     31300   0.2739974522E+005
     31400   0.2680551896E+005
     31500   0.2703216860E+005
     31600   0.2659993132E+005
     31700   0.2756035326E+005
     31800   0.2767014322E+005
     31900   0.2726995602E+005
     32000   0.2677937962E+005
     32100   0.2742756731E+005
     32200   0.2739093514E+005
     32300   0.2734287316E+005
     32400   0.2723085573E+005
     32500   0.2817153261E+005
     32600   0.2793173116E+005
     32700   0.2774492300E+005
     32800   0.2833220793E+005
     32900   0.2777247032E+005
     33000   0.2825219090E+005
     33100   0.2777367569E+005
     33200   0.2841558570E+005
     33300   0.2809450564E+005
     33400   0.2762507643E+005
     33500   0.2899743441E+005
     33600   0.2811867950E+005
     33700   0.2896614020E+005
     33800   0.2839624647E+005
     33900   0.2835998211E+005
     34000   0.2848957885E+005
     34100   0.2781236744E+005
     34200   0.2819526780E+005
     34300   0.2732662464E+005
     34400   0.2795098233E+005
     34500   0.2717328740E+005
     34600   0.2764124153E+005
     34700   0.2776725999E+005
     34800   0.2764928224E+005
     34900   0.2756721900E+005
     35000   0.2783969675E+005
     35100   0.2761531040E+005
     35200   0.2633930920E+005
     35300   0.2720114574E+005
     35400   0.2742278482E+005
     35500   0.2753454856E+005
     35600   0.2749286905E+005
     35700   0.2709012500E+005
     35800   0.2710997911E+005
     35900   0.2734967359E+005
     36000   0.2678236402E+005
     36100   0.2833545317E+005
     36200   0.2759021584E+005
     36300   0.2830696111E+005
     36400   0.2772943357E+005
     36500   0.2774239632E+005
     36600   0.2821664584E+005
     36700   0.2765990742E+005
     36800   0.2754448403E+005
     36900   0.2767742942E+005
     37000   0.2680377329E+005
     37100   0.2742888536E+005
     37200   0.2789779140E+005
     37300   0.2781426791E+005
     37400   0.2747943532E+005
     37500   0.2713528916E+005
     37600   0.2835398006E+005
     37700   0.2753005086E+005
     37800   0.2716229000E+005
     37900   0.2732885643E+005
     38000   0.2804873553E+005
     38100   0.2744544854E+005
     38200   0.2767930003E+005
     38300   0.2781126359E+005
     38400   0.2772602197E+005
     38500   0.2829101305E+005
     38600   0.2803591146E+005
     38700   0.2767904217E+005
     38800   0.2663105199E+005
     38900   0.2767667652E+005
     39000   0.2680542545E+005
     39100   0.2706157047E+005
     39200   0.2784586087E+005
     39300   0.2753200243E+005
     39400   0.2711746668E+005
     39500   0.2696825718E+005
     39600   0.2755094649E+005
     39700   0.2791553388E+005
     39800   0.2775416603E+005
     39900   0.2679012588E+005
     40000   0.2725802586E+005
     40100   0.2702427675E+005
     40200   0.2823285195E+005
     40300   0.2699184604E+005
     40400   0.2851733995E+005
     40500   0.2763876130E+005
     40600   0.2724446266E+005
     40700   0.2796624699E+005
     40800   0.2754129186E+005
     40900   0.2765401016E+005
     41000   0.2768918045E+005
     41100   0.2766733215E+005
     41200   0.2695403401E+005
     41300   0.2806758917E+005
     41400   0.2816231228E+005
     41500   0.2689053016E+005
     41600   0.2651913706E+005
     41700   0.2735981485E+005
     41800   0.2799674473E+005
     41900   0.2742618807E+005
     42000   0.2763209520E+005
     42100   0.2780655061E+005
     42200   0.2765674032E+005
     42300   0.2736811266E+005
     42400   0.2770463901E+005
     42500   0.2751125251E+005
     42600   0.2782981853E+005
     42700   0.2730144819E+005
     42800   0.2744995571E+005
     42900   0.2795860299E+005
     43000   0.2852813412E+005
     43100   0.2840491411E+005
     43200   0.2834219821E+005
     43300   0.2871841003E+005
     43400   0.2814489054E+005
     43500   0.2906698096E+005
     43600   0.2891133241E+005
     43700   0.2858902092E+005
     43800   0.2886207819E+005
     43900   0.2878704957E+005
     44000   0.2864530697E+005
     44100   0.2805111742E+005
     44200   0.2926256397E+005
     44300   0.2807780380E+005
     44400   0.2798454434E+005
     44500   0.2825637461E+005
     44600   0.2849626809E+005
     44700   0.2827011540E+005
     44800   0.2833479755E+005
     44900   0.2798164449E+005
     45000   0.2734295087E+005
     45100   0.2775720329E+005
     45200   0.2779789371E+005
     45300   0.2770095157E+005
     45400   0.2806475304E+005
     45500   0.2792375483E+005
     45600   0.2875004399E+005
     45700   0.2847615610E+005
     45800   0.2903570756E+005
     45900   0.2913274754E+005
     46000   0.2930537876E+005
     46100   0.2805956169E+005
     46200   0.2701857515E+005
     46300   0.2805930000E+005
     46400   0.2800759510E+005
     46500   0.2797533422E+005
     46600   0.2773777052E+005
     46700   0.2712491700E+005
     46800   0.2744897747E+005
     46900   0.2763053951E+005
     47000   0.2716766141E+005
     47100   0.2767878868E+005
     47200   0.2812999104E+005
     47300   0.2874838134E+005
     47400   0.2800624457E+005
     47500   0.2910753798E+005
     47600   0.2797613375E+005
     47700   0.2788840642E+005
     47800   0.2820164668E+005
     47900   0.2819057010E+005
     48000   0.2741233892E+005
     48100   0.2789794165E+005
     48200   0.2795188054E+005
     48300   0.2777251328E+005
     48400   0.2814572152E+005
     48500   0.2817170300E+005
     48600   0.2859289327E+005
     48700   0.2864047809E+005
     48800   0.2823378552E+005
     48900   0.2861282229E+005
     49000   0.2789220541E+005
     49100   0.2802972958E+005
     49200   0.2813892160E+005
     49300   0.2766294172E+005
     49400   0.2716668973E+005
     49500   0.2796609179E+005
     49600   0.2763547981E+005
     49700   0.2791199924E+005
     49800   0.2708160437E+005
     49900   0.2738394182E+005
     50000   0.2824488079E+005
     50100   0.2838832933E+005
     50200   0.2840263996E+005
     50300   0.2773772045E+005
     50400   0.2768659601E+005
     50500   0.2737643778E+005
     50600   0.2708093748E+005
     50700   0.2823902108E+005
     50800   0.2745557117E+005
     50900   0.2812838352E+005
     51000   0.2796004151E+005
     51100   0.2750039766E+005
     51200   0.2789028713E+005
     51300   0.2754450419E+005
     51400   0.2742809402E+005
     51500   0.2750440992E+005
     51600   0.2672686946E+005
     51700   0.2688682416E+005
     51800   0.2722922800E+005
     51900   0.2759895281E+005
     52000   0.2700252757E+005
     52100   0.2801834428E+005
     52200   0.2700657693E+005
     52300   0.2744797840E+005
     52400   0.2687113480E+005
     52500   0.2741618332E+005
     52600   0.2714458399E+005
     52700   0.2783552672E+005
     52800   0.2755289771E+005
     52900   0.2781530364E+005
     53000   0.2730175896E+005
     53100   0.2744378328E+005
     53200   0.2716091570E+005
     53300   0.2652450852E+005
     53400   0.2746728406E+005
     53500   0.2791167436E+005
     53600   0.2776944000E+005
     53700   0.2757329717E+005
     53800   0.2758400210E+005
     53900   0.2815593258E+005
     54000   0.2772205475E+005
     54100   0.2831743428E+005
     54200   0.2789864991E+005
     54300   0.2834126897E+005
     54400   0.2768737531E+005
     54500   0.2771388103E+005
     54600   0.2811990134E+005
     54700   0.2778484815E+005
     54800   0.2731480370E+005
     54900   0.2778011461E+005
     55000   0.2688796107E+005
     55100   0.2779980138E+005
     55200   0.2765730323E+005
     55300   0.2795354060E+005
     55400   0.2831707878E+005
     55500   0.2717379376E+005
     55600   0.2816018339E+005
     55700   0.2750748941E+005
     55800   0.2763376250E+005
     55900   0.2753194937E+005
     56000   0.2789751116E+005
     56100   0.2876593997E+005
     56200   0.2799237496E+005
     56300   0.2798298786E+005
     56400   0.2775415576E+005
     56500   0.2727634296E+005
     56600   0.2718088999E+005
     56700   0.2685396273E+005
     56800   0.2764503690E+005
     56900   0.2776799535E+005
     57000   0.2829421551E+005
     57100   0.2875810035E+005
     57200   0.2837467919E+005
     57300   0.2828357647E+005
     57400   0.2795968456E+005
     57500   0.2747903471E+005
     57600   0.2794627237E+005
     57700   0.2745130517E+005
     57800   0.2798342861E+005
     57900   0.2731569129E+005
     58000   0.2735650656E+005
     58100   0.2863954283E+005
     58200   0.2744117869E+005
     58300   0.2802717290E+005
     58400   0.2821235762E+005
     58500   0.2778871522E+005
     58600   0.2776459854E+005
     58700   0.2876168357E+005
     58800   0.2880668444E+005
     58900   0.2807336478E+005
     59000   0.2905824197E+005
     59100   0.2819877004E+005
     59200   0.2806200621E+005
     59300   0.2852127711E+005
     59400   0.2861686226E+005
     59500   0.2804561106E+005
     59600   0.2852974568E+005
     59700   0.2760240662E+005
     59800   0.2828533807E+005
     59900   0.2793397657E+005
     60000   0.2826397693E+005
     60100   0.2766124359E+005
     60200   0.2726830662E+005
     60300   0.2780201026E+005
     60400   0.2800930266E+005
     60500   0.2767918736E+005
     60600   0.2751209365E+005
     60700   0.2819819136E+005
     60800   0.2763186327E+005
     60900   0.2734679062E+005
     61000   0.2712692911E+005
     61100   0.2824019800E+005
     61200   0.2755904573E+005
     61300   0.2794567550E+005
     61400   0.2702467385E+005
     61500   0.2744321142E+005
     61600   0.2705199068E+005
     61700   0.2769919839E+005
     61800   0.2751673095E+005
     61900   0.2809580539E+005
     62000   0.2770397245E+005
     62100   0.2692032480E+005
     62200   0.2805656984E+005
     62300   0.2737366313E+005
     62400   0.2861675100E+005
     62500   0.2858169300E+005
     62600   0.2794882055E+005
     62700   0.2716010316E+005
     62800   0.2798460092E+005
     62900   0.2765794371E+005
     63000   0.2715972855E+005
     63100   0.2733915151E+005
     63200   0.2787331795E+005
     63300   0.2833602238E+005
     63400   0.2748502426E+005
     63500   0.2796120859E+005
     63600   0.2825992986E+005
     63700   0.2825757235E+005
     63800   0.2842047977E+005
     63900   0.2816068574E+005
     64000   0.2798331201E+005
     64100   0.2832291339E+005
     64200   0.2911261050E+005
     64300   0.2785832532E+005
     64400   0.2762235544E+005
     64500   0.2755972325E+005
     64600   0.2734354856E+005
     64700   0.2661754551E+005
     64800   0.2798204481E+005
     64900   0.2739025302E+005
     65000   0.2775497786E+005
     65100   0.2768577606E+005
     65200   0.2860616057E+005
     65300   0.2828189191E+005
     65400   0.2806882503E+005
     65500   0.2706804279E+005
     65600   0.2778800689E+005
     65700   0.2796440734E+005
     65800   0.2861324943E+005
     65900   0.2759777894E+005
     66000   0.2687474338E+005
     66100   0.2797603950E+005
     66200   0.2737112917E+005
     66300   0.2724411583E+005
     66400   0.2693754378E+005
     66500   0.2686935066E+005
     66600   0.2689097231E+005
     66700   0.2730571035E+005
     66800   0.2738633376E+005
     66900   0.2711605712E+005
     67000   0.2736878439E+005
     67100   0.2735886029E+005
     67200   0.2818929346E+005
     67300   0.2822796508E+005
     67400   0.2843894361E+005
     67500   0.2805029223E+005
     67600   0.2776858671E+005
     67700   0.2794145508E+005
     67800   0.2760978690E+005
     67900   0.2857593649E+005
     68000   0.2803363358E+005
     68100   0.2778238062E+005
     68200   0.2714865274E+005
     68300   0.2757067462E+005
     68400   0.2799776506E+005
     68500   0.2789072357E+005
     68600   0.2708763119E+005
     68700   0.2815305900E+005
     68800   0.2765108004E+005
     68900   0.2805008520E+005
     69000   0.2722791371E+005
     69100   0.2787432553E+005
     69200   0.2761436644E+005
     69300   0.2771926347E+005
     69400   0.2733559512E+005
     69500   0.2790284200E+005
     69600   0.2764927759E+005
     69700   0.2752434681E+005
     69800   0.2792389273E+005
     69900   0.2696634552E+005
     70000   0.2686084945E+005
     70100   0.2759013335E+005
     70200   0.2811873864E+005
     70300   0.2903653284E+005
     70400   0.2866511400E+005
     70500   0.2942174595E+005
     70600   0.2898418292E+005
     70700   0.2745887085E+005
     70800   0.2768106773E+005
     70900   0.2777838681E+005
     71000   0.2819667931E+005
     71100   0.2841794350E+005
     71200   0.2838768890E+005
     71300   0.2822530498E+005
     71400   0.2819968928E+005
     71500   0.2874731345E+005
     71600   0.2812871913E+005
     71700   0.2837573352E+005
     71800   0.2770603550E+005
     71900   0.2839185957E+005
     72000   0.2749074034E+005
     72100   0.2747390992E+005
     72200   0.2751393218E+005
     72300   0.2738150572E+005
     72400   0.2776179462E+005
     72500   0.2686830577E+005
     72600   0.2664125671E+005
     72700   0.2707046691E+005
     72800   0.2758844105E+005
     72900   0.2763177422E+005
     73000   0.2729318527E+005
     73100   0.2783937344E+005
     73200   0.2841442246E+005
     73300   0.2789112829E+005
     73400   0.2754782997E+005
     73500   0.2900747156E+005
     73600   0.2795777929E+005
     73700   0.2731792452E+005
     73800   0.2765232423E+005
     73900   0.2688306385E+005
     74000   0.2749492005E+005
     74100   0.2738316668E+005
     74200   0.2744647840E+005
     74300   0.2797174875E+005
     74400   0.2727768102E+005
     74500   0.2690966664E+005
     74600   0.2828002854E+005
     74700   0.2839162698E+005
     74800   0.2809175799E+005
     74900   0.2793126445E+005
     75000   0.2791635385E+005
     75100   0.2842443690E+005
     75200   0.2810294758E+005
     75300   0.2784597536E+005
     75400   0.2883952899E+005
     75500   0.2900716143E+005
     75600   0.2876253670E+005
     75700   0.2843205087E+005
     75800   0.2970733863E+005
     75900   0.2853504905E+005
     76000   0.2815552888E+005
     76100   0.2825369294E+005
     76200   0.2830727567E+005
     76300   0.2771122214E+005
     76400   0.2754780835E+005
     76500   0.2798353431E+005
     76600   0.2820354233E+005
     76700   0.2796338792E+005
     76800   0.2734031952E+005
     76900   0.2779872256E+005
     77000   0.2807643800E+005
     77100   0.2843477457E+005
     77200   0.2770511035E+005
     77300   0.2765134352E+005
     77400   0.2824534729E+005
     77500   0.2785386686E+005
     77600   0.2837715513E+005
     77700   0.2903986323E+005
     77800   0.2874904405E+005
     77900   0.2849324270E+005
     78000   0.2728701963E+005
     78100   0.2822334649E+005
     78200   0.2943355079E+005
     78300   0.2832544847E+005
     78400   0.2852419948E+005
     78500   0.2909452885E+005
     78600   0.2824571054E+005
     78700   0.2869886093E+005
     78800   0.2835932706E+005
     78900   0.2755597490E+005
     79000   0.2800953458E+005
     79100   0.2782944728E+005
     79200   0.2723011287E+005
     79300   0.2740757981E+005
     79400   0.2757473024E+005
     79500   0.2729681285E+005
     79600   0.2764728235E+005
     79700   0.2728508341E+005
     79800   0.2709619141E+005
